                               Waveform Amplitudes                              
                               *******************                              
       Equipment:	Cooling Pump for OAH-02
       Meas. Point:  2-COP-02  -M1H  -->  Motor Outboard Horizontal
       Date/Time:  04-Sep-24 09:49:15   Amplitude:  Acceleration in G-s
   
 Time (mS) Amplitude Time (mS) Amplitude Time (mS) Amplitude Time (mS) Amplitude
 --------- --------- --------- --------- --------- --------- --------- ---------
       0.      .573     400.0     -.397     800.0      .168    1200.0      .489
     .391     -.144     400.4      .625     800.4     -.289    1200.4     -.278
     .781      .468     400.8     -.559     800.8      .487    1200.8      .231
    1.172     -.304     401.2      .710     801.2     -.752    1201.2      .162
    1.563      .138     401.6     -.704     801.6      .956    1201.6     -.520
    1.953      .032     402.0      .383     802.0     -.957    1202.0      .895
    2.344     -.449     402.3     -.198     802.3      .920    1202.3    -1.087
    2.734      .556     402.7     -.138     802.7     -.640    1202.7      .970
    3.125     -.983     403.1      .309     803.1      .438    1203.1    -1.124
    3.516      .884     403.5     -.458     803.5     -.221    1203.5      .824
    3.906     -.933     403.9      .623     803.9      .082    1203.9     -.907
    4.297     1.075     404.3     -.655     804.3      .053    1204.3      .667
    4.688     -.959     404.7     1.003     804.7     -.503    1204.7     -.349
    5.078      .799     405.1     -.899     805.1      .602    1205.1      .071
    5.469     -.328     405.5      .868     805.5     -.750    1205.5      .438
    5.859      .168     405.9     -.619     805.9      .772    1205.9     -.416
    6.250      .221     406.3      .559     806.3     -.599    1206.3      .856
    6.641     -.562     406.6     -.263     806.6      .676    1206.6     -.601
    7.031      .738     407.0      .056     807.0     -.270    1207.0      .836
    7.422     -.764     407.4      .317     807.4      .516    1207.4     -.572
    7.813      .927     407.8     -.416     807.8      .136    1207.8      .454
    8.203     -.736     408.2      .828     808.2     -.139    1208.2     7.9-5
    8.594      .442     408.6     -.608     808.6      .602    1208.6     -.154
    8.984      .181     409.0      .595     809.0     -.379    1209.0      .482
    9.375     -.223     409.4     -.140     809.4      .510    1209.4     -.307
    9.766      .596     409.8      .199     809.8     -.300    1209.8      .661
    10.16     -.549     410.2      .144     810.2      .386    1210.2     -.283
    10.55      .780     410.5     -.264     810.5     -.290    1210.5      .657
    10.94     -.708     410.9      .591     810.9      .262    1210.9     -.506
    11.33      .848     411.3     -.890     811.3      .077    1211.3      .507
    11.72     -.775     411.7      .989     811.7     -.459    1211.7     -.166
    12.11      .265     412.1    -1.086     812.1      .779    1212.1     -.203
    12.50      .038     412.5      .752     812.5     -.959    1212.5      .200
    12.89     -.617     412.9     -.580     812.9      .905    1212.9     -.636
    13.28      .579     413.3      .135     813.3     -.957    1213.3      .569
    13.67     -.942     413.7     -.015     813.7      .806    1213.7     -.786
    14.06      .832     414.1     -.239     814.1     -.839    1214.1      .941
    14.45    -1.179     414.5      .569     814.5      .509    1214.5    -1.045
    14.84     1.042     414.8     -.918     814.8     -.212    1214.8     1.061
    15.23    -1.054     415.2     1.014     815.2     -.205    1215.2     -.654
    15.63      .670     415.6    -1.017     815.6      .538    1215.6      .593
    16.02     -.485     416.0      .933     816.0     -.619    1216.0     -.162
    16.41      .029     416.4     -.754     816.4      .857    1216.4     -.040
    16.80      .175     416.8      .443     816.8     -.730    1216.8      .421
    17.19     -.378     417.2     -.199     817.2      .906    1217.2     -.577
    17.58      .611     417.6     -.021     817.6     -.526    1217.6      .875
    17.97     -.750     418.0      .460     818.0      .358    1218.0     -.825
    18.36      .770     418.4     -.765     818.4      .194    1218.4      .631
    18.75     -.511     418.8      .813     818.8     -.400    1218.8     -.179
    19.14      .214     419.1     -.590     819.1      .669    1219.1      .092
    19.53      .069     419.5      .486     819.5     -.624    1219.5      .347
    19.92     -.332     419.9     -.273     819.9      .675    1219.9     -.352
    20.31      .424     420.3      .035     820.3     -.598    1220.3      .631
    20.70     -.598     420.7      .079     820.7      .633    1220.7     -.768
    21.09      .691     421.1     -.397     821.1     -.517    1221.1      .986
    21.48    -1.028     421.5      .529     821.5      .105    1221.5    -1.029
    21.88      .920     421.9    -1.129     821.9      .132    1221.9      .627
    22.27     -.924     422.3      .979     822.3     -.729    1222.3     -.504
    22.66      .481     422.7    -1.207     822.7      .624    1222.7     -.038
    23.05     -.401     423.0      .724     823.0    -1.117    1223.0      .164
    23.44     -.194     423.4     -.888     823.4      .758    1223.4     -.553
    23.83      .166     423.8      .471     823.8    -1.082    1223.8      .623
    24.22     -.573     424.2     -.478     824.2      .841    1224.2     -.963
    24.61      .676     424.6      .020     824.6     -.908    1224.6     1.055
    25.00    -1.153     425.0      .223     825.0      .517    1225.0    -1.135
    25.39     1.148     425.4     -.623     825.4     -.211    1225.4      .867
    25.78    -1.129     425.8      .857     825.8     -.021    1225.8     -.760
    26.17      .994     426.2     -.947     826.2      .320    1226.2      .390
    26.56     -.615     426.6      .902     826.6     -.513    1226.6     -.207
    26.95      .402     427.0     -.801     827.0      .654    1227.0     -.128
    27.34     -.064     427.3      .693     827.3     -.747    1227.3      .401
    27.73     -.162     427.7     -.429     827.7      .742    1227.7     -.633
    28.13      .623     428.1     -.041     828.1     -.645    1228.1      .798
    28.52     -.838     428.5      .421     828.5      .199    1228.5     -.616
    28.91      .749     428.9     -.654     828.9      .172    1228.9      .450
    29.30     -.556     429.3      .756     829.3     -.350    1229.3     -.122
    29.69      .390     429.7     -.709     829.7      .560    1229.7     -.051
    30.08    -.0035     430.1      .651     830.1     -.588    1230.1      .168
    30.47     -.082     430.5     -.453     830.5      .728    1230.5     -.401
    30.86      .376     430.9      .382     830.9     -.888    1230.9      .539
    31.25     -.500     431.3     -.234     831.3      .843    1231.3    -1.039
    31.64      .933     431.6     -.240     831.6     -.900    1231.6      .982
    32.03    -1.106     432.0      .590     832.0      .285    1232.0    -1.157
    32.42     1.082     432.4    -1.041     832.4     -.195    1232.4      .773
    32.81    -1.038     432.8      .876     832.8     -.427    1232.8     -.743
    33.20      .659     433.2    -1.253     833.2      .382    1233.2      .290
    33.59     -.590     433.6     1.047     833.6     -.790    1233.6     -.268
    33.98      .295     434.0    -1.070     834.0      .872    1234.0     -.070
    34.38     -.060     434.4      .954     834.4    -1.110    1234.4      .233
    34.77     -.166     434.8     -.705     834.8     1.165    1234.8     -.882
    35.16      .625     435.2      .435     835.2    -1.146    1235.2      .934
    35.55     -.673     435.5      .171     835.5      .789    1235.5    -1.164
    35.94     1.021     435.9     -.286     835.9     -.536    1235.9     1.018
    36.33     -.784     436.3      .671     836.3      .170    1236.3     -.965
    36.72      .859     436.7     -.703     836.7      .135    1236.7      .673
    37.11     -.621     437.1      .862     837.1     -.311    1237.1     -.356
    37.50      .545     437.5     -.750     837.5      .787    1237.5      .175
    37.89     -.248     437.9      .678     837.9     -.752    1237.9      .413
    38.28     -.132     438.3     -.315     838.3      .958    1238.3     -.648
    38.67      .388     438.7     .0090     838.7     -.420    1238.7      .832
    39.06     -.360     439.1      .459     839.1      .365    1239.1     -.679
    39.45      .554     439.5     -.382     839.5      .135    1239.5      .565
    39.84     -.211     439.8      .742     839.8     -.214    1239.8     -.416
    40.23      .399     440.2     -.416     840.2      .468    1240.2      .255
    40.63     -.082     440.6      .680     840.6     -.535    1240.6     -.093
    41.02      .370     441.0     -.573     841.0      .761    1241.0     -.157
    41.41     -.081     441.4      .635     841.4    -1.030    1241.4      .539
    41.80     -.216     441.8     -.406     841.8     1.015    1241.8     -.848
    42.19      .454     442.2     -.013     842.2     -.870    1242.2     1.087
    42.58     -.759     442.6      .158     842.6      .612    1242.6    -1.153
    42.97      .755     443.0     -.546     843.0     -.404    1243.0      .954
    43.36    -1.012     443.4      .611     843.4      .082    1243.4     -.903
    43.75      .872     443.8     -.630     843.8      .046    1243.8      .719
    44.14     -.853     444.1      .810     844.1     -.253    1244.1     -.651
    44.53      .968     444.5     -.814     844.5      .498    1244.5      .247
    44.92     -.630     444.9     1.049     844.9     -.798    1244.9      .134
    45.31      .385     445.3     -.716     845.3      .867    1245.3     -.294
    45.70      .173     445.7      .699     845.7     -.771    1245.7      .730
    46.09     -.267     446.1     -.382     846.1      .804    1246.1     -.677
    46.48      .654     446.5      .211     846.5     -.492    1246.5      .926
    46.88     -.814     446.9      .087     846.9      .561    1246.9     -.566
    47.27      .895     447.3     -.258     847.3     -.043    1247.3      .802
    47.66     -.845     447.7      .585     847.7      .148    1247.7     -.404
    48.05      .759     448.0     -.672     848.0      .450    1248.0      .073
    48.44     -.377     448.4      .794     848.4     -.338    1248.4      .350
    48.83     .0028     448.8     -.393     848.8      .570    1248.8     -.392
    49.22      .465     449.2      .358     849.2     -.301    1249.2      .514
    49.61     -.449     449.6      .133     849.6      .374    1249.6     -.412
    50.00      .727     450.0     -.084     850.0     -.232    1250.0      .533
    50.39     -.609     450.4      .445     850.4      .227    1250.4     -.316
    50.78      .732     450.8     -.549     850.8     -.098    1250.8      .582
    51.17     -.688     451.2      .887     851.2     -.199    1251.2     -.377
    51.56      .555     451.6    -1.055     851.6      .532    1251.6      .124
    51.95     -.232     452.0      .937     852.0     -.821    1252.0      .290
    52.34     -.309     452.3     -.798     852.3      .938    1252.3     -.517
    52.73      .490     452.7      .322     852.7    -1.029    1252.7      .478
    53.13     -.979     453.1     -.134     853.1      .843    1253.1     -.750
    53.52      .828     453.5     -.232     853.5     -.847    1253.5      .771
    53.91    -1.034     453.9      .345     853.9      .685    1253.9     -.953
    54.30      .965     454.3     -.704     854.3     -.525    1254.3     1.002
    54.69    -1.205     454.7      .947     854.7      .041    1254.7     -.947
    55.08      .843     455.1    -1.128     855.1      .261    1255.1      .808
    55.47     -.691     455.5     1.022     855.5     -.546    1255.5     -.309
    55.86      .258     455.9     -.913     855.9      .823    1255.9      .169
    56.25     -.078     456.3      .666     856.3     -.826    1256.3      .255
    56.64     -.385     456.6     -.414     856.6      .889    1256.6     -.318
    57.03      .447     457.0      .103     857.0     -.670    1257.0      .723
    57.42     -.577     457.4      .150     857.4      .703    1257.4     -.813
    57.81      .775     457.8     -.461     857.8     -.228    1257.8      .836
    58.20     -.798     458.2      .768     858.2     -.137    1258.2     -.547
    58.59      .565     458.6     -.803     858.6      .561    1258.6      .273
    58.98     -.153     459.0      .649     859.0     -.639    1259.0      .136
    59.38     -.117     459.4     -.356     859.4      .749    1259.4     -.245
    59.77      .318     459.8      .195     859.8     -.644    1259.8      .569
    60.16     -.552     460.2      .041     860.2      .574    1260.2     -.495
    60.55      .525     460.5     -.219     860.5     -.518    1260.5      .845
    60.94     -.770     460.9      .382     860.9      .370    1260.9     -.888
    61.33      .786     461.3     -.797     861.3     -.146    1261.3      .937
    61.72    -1.049     461.7      .909     861.7     -.434    1261.7     -.632
    62.11      .687     462.1    -1.243     862.1      .592    1262.1      .216
    62.50     -.555     462.5      .909     862.5    -1.079    1262.5     -.050
    62.89      .011     462.9     -.976     862.9      .827    1262.9     -.444
    63.28      .134     463.3      .468     863.3    -1.131    1263.3      .467
    63.67     -.562     463.7     -.546     863.7      .805    1263.7     -.822
    64.06      .582     464.1      .148     864.1    -1.021    1264.1      .846
    64.45     -.959     464.5     -.048     864.5      .698    1264.5    -1.166
    64.84     1.046     464.8     -.530     864.8     -.593    1264.8     1.032
    65.23    -1.298     465.2      .702     865.2      .117    1265.2     -.889
    65.63     1.094     465.6     -.971     865.6      .133    1265.6      .572
    66.02     -.956     466.0     1.013     866.0     -.446    1266.0     -.430
    66.41      .656     466.4     -.987     866.4      .550    1266.4      .057
    66.80     -.271     466.8      .805     866.8     -.695    1266.8      .141
    67.19      .061     467.2     -.619     867.2      .742    1267.2     -.451
    67.58      .403     467.6      .408     867.6     -.790    1267.6      .633
    67.97     -.602     468.0      .033     868.0      .529    1268.0     -.855
    68.36      .821     468.4     -.518     868.4     -.202    1268.4      .653
    68.75     -.799     468.8      .708     868.8     -.177    1268.8     -.376
    69.14      .542     469.1     -.719     869.1      .479    1269.1      .123
    69.53     -.292     469.5      .699     869.5     -.560    1269.5      .111
    69.92      .042     469.9     -.532     869.9      .700    1269.9     -.242
    70.31      .237     470.3      .392     870.3     -.657    1270.3      .373
    70.70     -.270     470.7     -.233     870.7      .765    1270.7     -.661
    71.09      .615     471.1      .084     871.1     -.862    1271.1      .840
    71.48     -.789     471.5      .291     871.5      .580    1271.5    -1.174
    71.88     1.131     471.9     -.821     871.9     -.408    1271.9      .895
    72.27    -1.056     472.3     1.014     872.3     -.219    1272.3     -.949
    72.66      .897     472.7    -1.204     872.7      .326    1272.7      .402
    73.05     -.727     473.0      .978     873.0     -.833    1273.0     -.373
    73.44      .287     473.4    -1.212     873.4      .746    1273.4     -.036
    73.83     -.244     473.8      .861     873.8     -.996    1273.8      .070
    74.22     -.053     474.2     -.892     874.2     1.081    1274.2     -.557
    74.61      .273     474.6      .598     874.6    -1.215    1274.6      .768
    75.00     -.634     475.0     -.245     875.0     1.056    1275.0    -1.130
    75.39      .995     475.4     -.111     875.4     -.840    1275.4     1.019
    75.78     -.866     475.8      .602     875.8      .451    1275.8    -1.093
    76.17     1.087     476.2     -.649     876.2     -.149    1276.2      .854
    76.56     -.712     476.6      .941     876.6     -.261    1276.6     -.666
    76.95      .701     477.0     -.745     877.0      .462    1277.0      .379
    77.34     -.347     477.3      .852     877.3     -.618    1277.3      .029
    77.73      .263     477.7     -.582     877.7      .919    1277.7     -.350
    78.13      .054     478.1      .309     878.1     -.744    1278.1      .774
    78.52     -.434     478.5      .119     878.5      .680    1278.5     -.695
    78.91      .541     478.9     -.299     878.9     -.085    1278.9      .716
    79.30     -.375     479.3      .629     879.3      .036    1279.3     -.459
    79.69      .519     479.7     -.491     879.7      .448    1279.7      .346
    80.08     -.146     480.1      .745     880.1     -.415    1280.1     -.152
    80.47      .371     480.5     -.356     880.5      .640    1280.5     .0052
    80.86     -.039     480.9      .687     880.9     -.779    1280.9      .240
    81.25      .276     481.3     -.443     881.3      .961    1281.3     -.607
    81.64      .204     481.6      .287     881.6    -1.031    1281.6      .917
    82.03     -.512     482.0      .047     882.0      .780    1282.0    -1.107
    82.42      .679     482.4     -.367     882.4     -.571    1282.4     1.078
    82.81     -.933     482.8      .408     882.8      .201    1282.8    -1.033
    83.20      .803     483.2     -.789     883.2      .014    1283.2      .744
    83.59     -.937     483.6      .768     883.6     -.141    1283.6     -.684
    83.98      .776     484.0     -.794     884.0      .381    1284.0      .469
    84.38     -.775     484.4     1.000     884.4     -.622    1284.4     -.220
    84.77      .664     484.8     -.860     884.8      .865    1284.8     -.235
    85.16     -.153     485.2      .853     885.2     -.922    1285.2      .497
    85.55     -.014     485.5     -.407     885.5      .894    1285.5     -.674
    85.94      .502     485.9      .409     885.9     -.734    1285.9      .940
    86.33     -.587     486.3     -.104     886.3      .545    1286.3     -.795
    86.72      .902     486.7     -.121     886.7     -.300    1286.7      .801
    87.11     -.819     487.1      .353     887.1      .333    1287.1     -.492
    87.50      .865     487.5     -.575     887.5      .160    1287.5      .544
    87.89     -.723     487.9      .735     887.9     -.213    1287.9     -.029
    88.28      .361     488.3     -.674     888.3      .654    1288.3     -.232
    88.67      .138     488.7      .518     888.7     -.330    1288.7      .540
    89.06     -.367     489.1     -.075     889.1      .509    1289.1     -.396
    89.45      .640     489.5      .094     889.5     -.128    1289.5      .555
    89.84     -.593     489.8      .386     889.8      .210    1289.8     -.340
    90.23      .687     490.2     -.255     890.2     -.024    1290.2      .533
    90.63     -.535     490.6      .663     890.6      .104    1290.6     -.294
    91.02      .591     491.0     -.774     891.0      .204    1291.0      .408
    91.41     -.511     491.4     1.015     891.4     -.582    1291.4    -.0067
    91.80      .021     491.8     -.955     891.8      .824    1291.8     -.236
    92.19      .310     492.2      .593     892.2     -.956    1292.2      .494
    92.58     -.749     492.6     -.434     892.6      .944    1292.6     -.735
    92.97      .771     493.0     -.162     893.0     -.916    1293.0      .691
    93.36    -1.144     493.4      .254     893.4      .728    1293.4     -.873
    93.75      .908     493.8     -.578     893.8     -.631    1293.8      .883
    94.14    -1.042     494.1      .691     894.1      .434    1294.1    -1.002
    94.53      .985     494.5    -1.036     894.5     -.109    1294.5      .859
    94.92     -.984     494.9     1.110     894.9     -.368    1294.9     -.642
    95.31      .489     495.3    -1.051     895.3      .619    1295.3      .460
    95.70     -.213     495.7      .878     895.7     -.785    1295.7      .050
    96.09     -.143     496.1     -.669     896.1      .905    1296.1     -.201
    96.48      .262     496.5      .322     896.5     -.856    1296.5      .561
    96.88     -.637     496.9     -.036     896.9      .820    1296.9     -.583
    97.27      .653     497.3     -.224     897.3     -.547    1297.3      .965
    97.66     -.741     497.7      .505     897.7      .380    1297.7     -.813
    98.05      .772     498.0     -.790     898.0      .183    1298.0      .623
    98.44     -.564     498.4      .865     898.4     -.442    1298.4     -.174
    98.83      .257     498.8     -.618     898.8      .733    1298.8     -.015
    99.22      .211     499.2      .411     899.2     -.609    1299.2      .383
    99.61     -.313     499.6     -.036     899.6      .690    1299.6     -.432
    100.0      .477     500.0     -.073     900.0     -.490    1300.0      .665
    100.4     -.636     500.4      .298     900.4      .496    1300.4     -.672
    100.8      .592     500.8     -.491     900.8     -.333    1300.8      .938
    101.2     -.917     501.2      .705     901.2      .019    1301.2     -.882
    101.6      .694     501.6    -1.098     901.6      .304    1301.6      .596
    102.0     -.825     502.0      .969     902.0     -.829    1302.0     -.292
    102.3      .223     502.3    -1.144     902.3      .825    1302.3     -.183
    102.7     -.097     502.7      .599     902.7    -1.202    1302.7      .302
    103.1     -.460     503.1     -.629     903.1      .838    1303.1     -.751
    103.5      .519     503.5      .120     903.5    -1.022    1303.5      .714
    103.9     -.790     503.9     -.219     903.9      .723    1303.9    -1.025
    104.3      .878     504.3     -.244     904.3     -.825    1304.3      .963
    104.7    -1.215     504.7      .422     904.7      .382    1304.7    -1.174
    105.1     1.140     505.1     -.941     905.1     -.137    1305.1      .847
    105.5    -1.156     505.5      .952     905.5     -.247    1305.5     -.642
    105.9      .790     505.9    -1.097     905.9      .456    1305.9      .262
    106.3     -.614     506.3      .976     906.3     -.691    1306.3     -.096
    106.6      .164     506.6     -.821     906.6      .708    1306.6     -.219
    107.0      .120     507.0      .561     907.0     -.733    1307.0      .479
    107.4     -.307     507.4     -.286     907.4      .726    1307.4     -.662
    107.8      .743     507.8     -.023     907.8     -.610    1307.8      .721
    108.2     -.870     508.2      .495     908.2      .141    1308.2     -.651
    108.6      .837     508.6     -.733     908.6      .198    1308.6      .407
    109.0     -.539     509.0      .779     909.0     -.424    1309.0     -.090
    109.4      .236     509.4     -.643     909.4      .624    1309.4     -.186
    109.8     .0023     509.8      .565     909.8     -.636    1309.8      .334
    110.2     -.239     510.2     -.313     910.2      .710    1310.2     -.438
    110.5      .431     510.5      .119     910.5     -.647    1310.5      .576
    110.9     -.533     510.9      .047     910.9      .719    1310.9     -.938
    111.3      .832     511.3     -.385     911.3     -.659    1311.3      .892
    111.7    -1.056     511.7      .745     911.7      .130    1311.7    -1.021
    112.1     1.136     512.1    -1.121     912.1      .044    1312.1      .603
    112.5     -.881     512.5     1.123     912.5     -.621    1312.5     -.612
    112.9      .544     512.9    -1.206     912.9      .572    1312.9     .0071
    113.3     -.373     513.3      .901     913.3    -1.016    1313.3     -.033
    113.7     -.034     513.7    -1.016     913.7      .864    1313.7     -.332
    114.1      .138     514.1      .560     914.1    -1.153    1314.1      .489
    114.5     -.453     514.5     -.611     914.5     1.160    1314.5     -.944
    114.8      .705     514.8      .094     914.8    -1.089    1314.8     1.005
    115.2     -.947     515.2      .261     915.2      .761    1315.2    -1.144
    115.6     1.138     515.6     -.537     915.6     -.406    1315.6     1.024
    116.0     -.877     516.0      .901     916.0      .065    1316.0     -.887
    116.4      .951     516.4     -.820     916.4      .188    1316.4      .523
    116.8     -.506     516.8     1.033     916.8     -.492    1316.8     -.279
    117.2      .455     517.2     -.612     917.2      .734    1317.2      .057
    117.6    -.0056     517.6      .754     917.6     -.839    1317.6      .409
    118.0     -.168     518.0     -.290     918.0      .874    1318.0     -.697
    118.4      .491     518.4     -.101     918.4     -.515    1318.4      .904
    118.8     -.601     518.8      .475     918.8      .332    1318.8     -.669
    119.1      .558     519.1     -.543     919.1      .234    1319.1      .558
    119.5     -.288     519.5      .700     919.5     -.261    1319.5     -.260
    119.9      .367     519.9     -.509     919.9      .640    1319.9      .072
    120.3     .0025     520.3      .622     920.3     -.540    1320.3      .033
    120.7      .140     520.7     -.294     920.7      .782    1320.7     -.299
    121.1      .162     521.1      .619     921.1     -.959    1321.1      .579
    121.5     -.230     521.5     -.158     921.5      .912    1321.5    -1.000
    121.9      .666     521.9     -.104     921.9     -.803    1321.9     1.074
    122.3     -.825     522.3      .449     922.3      .422    1322.3    -1.172
    122.7      .743     522.7     -.734     922.7     -.243    1322.7      .919
    123.0     -.910     523.0      .650     923.0     -.168    1323.0     -.818
    123.4      .704     523.4     -.957     923.4      .336    1323.4      .543
    123.8     -.754     523.8      .789     923.8     -.410    1323.8     -.413
    124.2      .540     524.2     -.889     924.2      .713    1324.2      .040
    124.6     -.457     524.6      .920     924.6     -.885    1324.6      .302
    125.0      .122     525.0     -.705     925.0     1.011    1325.0     -.614
    125.4      .322     525.4      .579     925.4     -.830    1325.4      .885
    125.8     -.421     525.8     -.092     925.8      .782    1325.8     -.843
    126.2      .723     526.2      .094     926.2     -.566    1326.2      .962
    126.6     -.759     526.6      .262     926.6      .325    1326.6     -.639
    127.0      .941     527.0     -.329     927.0     -.053    1327.0      .728
    127.3     -.770     527.3      .586     927.3      .044    1327.3     -.258
    127.7      .737     527.7     -.689     927.7      .418    1327.7      .083
    128.1     -.375     528.1      .682     928.1     -.408    1328.1      .441
    128.5     -.047     528.5     -.453     928.5      .633    1328.5     -.506
    128.9      .483     528.9      .297     928.9     -.154    1328.9      .630
    129.3     -.512     529.3      .186     929.3      .373    1329.3     -.389
    129.7      .709     529.7     -.138     929.7      .010    1329.7      .434
    130.1     -.580     530.1      .552     930.1      .098    1330.1     -.275
    130.5      .613     530.5     -.378     930.5      .118    1330.5      .391
    130.9     -.463     530.9      .892     930.9     -.207    1330.9     -.101
    131.3      .402     531.3     -.903     931.3      .542    1331.3     -.065
    131.6     -.123     531.6      .901     931.6     -.869    1331.6      .468
    132.0     -.426     532.0     -.638     932.0      .889    1332.0     -.694
    132.4      .674     532.4      .208     932.4     -.960    1332.4      .787
    132.8    -1.034     532.8     -.037     932.8      .826    1332.8     -.860
    133.2      .953     533.2     -.557     933.2     -.689    1333.2      .726
    133.6    -1.115     533.6      .510     933.6      .551    1333.6     -.897
    134.0      .898     534.0     -.813     934.0     -.328    1334.0      .899
    134.4     -.961     534.4      .962     934.4      .046    1334.4     -.792
    134.8      .737     534.8    -1.232     934.8      .410    1334.8      .526
    135.2     -.542     535.2     1.059     935.2     -.704    1335.2     -.157
    135.5      .027     535.5     -.820     935.5      .856    1335.5    -.0071
    135.9      .149     535.9      .610     935.9     -.952    1335.9      .434
    136.3     -.546     536.3     -.324     936.3      .887    1336.3     -.457
    136.7      .571     536.7     -.035     936.7     -.728    1336.7      .808
    137.1     -.814     537.1      .269     937.1      .595    1337.1     -.733
    137.5      .766     537.5     -.490     937.5     -.253    1337.5      .907
    137.9     -.776     537.9      .779     937.9     -.107    1337.9     -.528
    138.3      .516     538.3     -.851     938.3      .606    1338.3      .253
    138.7     -.143     538.7      .723     938.7     -.639    1338.7      .165
    139.1     -.128     539.1     -.263     939.1      .778    1339.1     -.293
    139.5      .518     539.5      .141     939.5     -.568    1339.5      .552
    139.8     -.551     539.8      .209     939.8      .545    1339.8     -.547
    140.2      .581     540.2     -.315     940.2     -.294    1340.2      .709
    140.6     -.640     540.6      .500     940.6      .249    1340.6     -.768
    141.0      .630     541.0     -.789     941.0    -.0048    1341.0      .736
    141.4     -.903     541.4      .860     941.4     -.495    1341.4     -.524
    141.8      .431     541.8    -1.244     941.8      .755    1341.8      .081
    142.2     -.389     542.2      .799     942.2    -1.136    1342.2      .203
    142.6     -.244     542.6     -.884     942.6      .923    1342.6     -.665
    143.0      .360     543.0      .227     943.0    -1.159    1343.0      .666
    143.4     -.832     543.4     -.292     943.4      .739    1343.4     -.941
    143.8      .802     543.8     -.178     943.8     -.854    1343.8      .974
    144.1     -.962     544.1      .188     944.1      .560    1344.1    -1.186
    144.5     1.083     544.5     -.710     944.5     -.477    1344.5      .938
    144.9    -1.257     544.9      .772     944.9     -.116    1344.9     -.823
    145.3      .990     545.3    -1.157     945.3      .342    1345.3      .491
    145.7     -.834     545.7      .982     945.7     -.644    1345.7     -.230
    146.1      .407     546.1    -1.054     946.1      .647    1346.1     -.172
    146.5     -.193     546.5      .719     946.5     -.876    1346.5      .339
    146.9     -.283     546.9     -.526     946.9      .741    1346.9     -.506
    147.3      .539     547.3      .278     947.3     -.741    1347.3      .783
    147.7     -.679     547.7      .127     947.7      .500    1347.7     -.866
    148.0      .927     548.0     -.471     948.0     -.248    1348.0      .686
    148.4     -.816     548.4      .824     948.4     -.253    1348.4     -.306
    148.8      .650     548.8     -.736     948.8      .480    1348.8      .102
    149.2     -.211     549.2      .660     949.2     -.592    1349.2      .220
    149.6     -.124     549.6     -.446     949.6      .686    1349.6     -.496
    150.0      .310     550.0      .280     950.0     -.611    1350.0      .536
    150.4     -.489     550.4     -.081     950.4      .618    1350.4     -.691
    150.8      .680     550.8     -.148     950.8     -.618    1350.8      .775
    151.2     -.845     551.2      .342     951.2      .449    1351.2    -1.186
    151.6     1.032     551.6     -.864     951.6     -.210    1351.6      .790
    152.0    -1.015     552.0     1.053     952.0     -.407    1352.0     -.710
    152.3      .879     552.3    -1.223     952.3      .471    1352.3      .205
    152.7     -.479     552.7     1.057     952.7    -1.014    1352.7     -.116
    153.1      .089     553.1     -.977     953.1      .880    1353.1     -.411
    153.5      .074     553.5      .751     953.5    -1.138    1353.5      .465
    153.9     -.379     553.9     -.747     953.9      .976    1353.9     -.762
    154.3      .532     554.3      .269     954.3    -1.192    1354.3      .964
    154.7     -.910     554.7     -.200     954.7      .988    1354.7    -1.294
    155.1     1.058     555.1     -.481     955.1     -.707    1355.1     1.109
    155.5    -1.081     555.5      .686     955.5      .311    1355.5    -1.076
    155.9     1.092     555.9     -.856     955.9     .0080    1355.9      .782
    156.3     -.717     556.3     1.036     956.3     -.480    1356.3     -.573
    156.6      .603     556.6     -.800     956.6      .581    1356.6      .149
    157.0     -.130     557.0      .968     957.0     -.732    1357.0      .133
    157.4      .155     557.4     -.380     957.4      .873    1357.4     -.449
    157.8      .323     557.8      .505     957.8     -.859    1357.8      .811
    158.2     -.543     558.2      .224     958.2      .654    1358.2     -.796
    158.6      .736     558.6     -.430     958.6     -.077    1358.6      .760
    159.0     -.526     559.0      .657     959.0     -.012    1359.0     -.425
    159.4      .422     559.4     -.643     959.4      .527    1359.4      .279
    159.8     -.106     559.8      .594     959.8     -.463    1359.8     .0052
    160.2      .176     560.2     -.472     960.2      .758    1360.2     -.142
    160.5      .225     560.5      .422     960.5     -.661    1360.5      .291
    160.9      .029     560.9     -.201     960.9      .876    1360.9     -.788
    161.3      .394     561.3      .267     961.3     -.929    1361.3      .945
    161.7     -.588     561.7      .316     961.7      .616    1361.7    -1.165
    162.1      .892     562.1     -.453     962.1     -.406    1362.1     1.009
    162.5     -.876     562.5      .773     962.5     -.017    1362.5    -1.008
    162.9      .695     562.9     -.901     962.9      .175    1362.9      .646
    163.3     -.797     563.3      .800     963.3     -.446    1363.3     -.403
    163.7      .520     563.7     -.976     963.7      .604    1363.7      .258
    164.1     -.495     564.1      .765     964.1     -.697    1364.1      .013
    164.5      .330     564.5     -.880     964.5     1.025    1364.5     -.464
    164.8     -.067     564.8      .687     964.8    -1.026    1364.8      .769
    165.2     -.284     565.2     -.396     965.2      .954    1365.2     -.865
    165.6      .662     565.6      .254     965.6     -.685    1365.6      .934
    166.0     -.646     566.0      .164     966.0      .478    1366.0     -.895
    166.4      .855     566.4     -.141     966.4     -.290    1366.4      .812
    166.8     -.791     566.8      .578     966.8      .091    1366.8     -.422
    167.2      .842     567.2     -.499     967.2      .222    1367.2      .455
    167.6     -.541     567.6      .793     967.6     -.287    1367.6      .072
    168.0      .344     568.0     -.639     968.0      .701    1368.0     -.240
    168.4      .128     568.4      .460     968.4     -.407    1368.4      .732
    168.8     -.408     568.8     -.129     968.8      .542    1368.8     -.504
    169.1      .686     569.1     -.022     969.1      .041    1369.1      .599
    169.5     -.541     569.5      .367     969.5      .139    1369.5     -.332
    169.9      .703     569.9     -.358     969.9      .184    1369.9      .380
    170.3     -.467     570.3      .663     970.3     -.087    1370.3     -.193
    170.7      .533     570.7     -.593     970.7      .318    1370.7      .178
    171.1     -.321     571.1      .932     971.1     -.614    1371.1      .107
    171.5      .017     571.5     -.774     971.5      .821    1371.5     -.405
    171.9      .414     571.9      .545     971.9    -1.021    1371.9      .795
    172.3     -.906     572.3     -.164     972.3      .850    1372.3     -.926
    172.7      .933     572.7     -.240     972.7     -.803    1372.7      .899
    173.0    -1.170     573.0      .393     973.0      .565    1373.0     -.842
    173.4      .929     573.4     -.843     973.4     -.398    1373.4      .842
    173.8    -1.006     573.8      .762     973.8      .277    1373.8     -.818
    174.2      .830     574.2    -1.092     974.2      .082    1374.2      .681
    174.6     -.742     574.6     1.110     974.6     -.457    1374.6     -.397
    175.0      .353     575.0    -1.147     975.0      .813    1375.0      .173
    175.4     -.014     575.4      .804     975.4     -.929    1375.4      .230
    175.8     -.377     575.8     -.502     975.8      .968    1375.8     -.429
    176.2      .528     576.2      .261     976.2     -.974    1376.2      .752
    176.6     -.826     576.6      .088     976.6      .782    1376.6     -.648
    177.0      .763     577.0     -.324     977.0     -.517    1377.0      .906
    177.3     -.887     577.3      .557     977.3      .309    1377.3     -.718
    177.7      .763     577.7     -.741     977.7      .139    1377.7      .678
    178.1     -.556     578.1      .786     978.1     -.484    1378.1     -.103
    178.5      .160     578.5     -.691     978.5      .794    1378.5     -.082
    178.9      .298     578.9      .357     978.9     -.623    1378.9      .429
    179.3     -.445     579.3      .052     979.3      .649    1379.3     -.431
    179.7      .713     579.7     -.174     979.7     -.448    1379.7      .688
    180.1     -.630     580.1      .446     980.1      .368    1380.1     -.570
    180.5      .598     580.5     -.501     980.5     -.137    1380.5      .713
    180.9     -.683     580.9      .710     980.9     -.052    1380.9     -.672
    181.3      .532     581.3    -1.014     981.3      .358    1381.3      .459
    181.6     -.576     581.6      .882     981.6     -.900    1381.6     -.047
    182.0     -.072     582.0    -1.041     982.0      .971    1382.0     -.391
    182.4      .190     582.4      .381     982.4    -1.165    1382.4      .534
    182.8     -.746     582.8     -.498     982.8      .855    1382.8     -.874
    183.2      .729     583.2     -.186     983.2     -.998    1383.2      .849
    183.6    -1.033     583.6      .087     983.6      .603    1383.6    -1.028
    184.0      .966     584.0     -.465     984.0     -.631    1384.0      .998
    184.4    -1.144     584.4      .582     984.4      .211    1384.4    -1.092
    184.8     1.078     584.8    -1.001     984.8     -.066    1384.8      .739
    185.2    -1.070     585.2     1.050     985.2     -.503    1385.2     -.496
    185.5      .590     585.5    -1.099     985.5      .608    1385.5      .123
    185.9     -.400     585.9      .861     985.9     -.828    1385.9      .134
    186.3     -.085     586.3     -.820     986.3      .775    1386.3     -.436
    186.7      .242     586.7      .405     986.7     -.778    1386.7      .564
    187.1     -.594     587.1     -.195     987.1      .679    1387.1     -.723
    187.5      .805     587.5     -.128     987.5     -.516    1387.5      .875
    187.9     -.839     587.9      .441     987.9      .168    1387.9     -.730
    188.3      .948     588.3     -.796     988.3      .219    1388.3      .370
    188.7     -.504     588.7      .886     988.7     -.565    1388.7     -.023
    189.1      .320     589.1     -.616     989.1      .650    1389.1     -.168
    189.5      .216     589.5      .431     989.5     -.672    1389.5      .448
    189.8     -.335     589.8     -.203     989.8      .636    1389.8     -.592
    190.2      .471     590.2      .035     990.2     -.558    1390.2      .591
    190.6     -.683     590.6      .180     990.6      .520    1390.6     -.831
    191.0      .822     591.0     -.481     991.0     -.458    1391.0      .853
    191.4    -1.021     591.4      .692     991.4      .094    1391.4     -.978
    191.8      .961     591.8    -1.164     991.8      .251    1391.8      .396
    192.2     -.739     592.2     1.147     992.2     -.738    1392.2     -.369
    192.6      .426     592.6    -1.183     992.6      .735    1392.6     -.230
    193.0     .0032     593.0      .839     993.0    -1.107    1393.0      .226
    193.4     -.260     593.4     -.653     993.4      .917    1393.4     -.687
    193.8      .495     593.8      .524     993.8    -1.110    1393.8      .673
    194.1     -.688     594.1     -.334     994.1      .973    1394.1    -1.033
    194.5      .878     594.5     -.217     994.5    -1.054    1394.5     1.110
    194.9    -1.229     594.9      .303     994.9      .641    1394.9    -1.195
    195.3     1.087     595.3     -.834     995.3     -.229    1395.3      .929
    195.7    -1.020     595.7      .928     995.7     -.073    1395.7     -.732
    196.1      .796     596.1    -1.042     996.1      .336    1396.1      .390
    196.5     -.445     596.5      .998     996.5     -.657    1396.5     -.169
    196.9      .283     596.9     -.680     996.9      .794    1396.9     -.149
    197.3      .220     597.3      .745     997.3     -.837    1397.3      .526
    197.7     -.117     597.7     -.123     997.7      .793    1397.7     -.780
    198.0      .711     598.0      .045     998.0     -.608    1398.0      .893
    198.4     -.583     598.4      .633     998.4      .254    1398.4     -.675
    198.8      .682     598.8     -.616     998.8      .273    1398.8      .545
    199.2     -.219     599.2      .674     999.2     -.317    1399.2     -.106
    199.6      .222     599.6     -.606     999.6      .724    1399.6     -.067
    200.0      .033     600.0      .442    1000.0     -.556    1400.0      .207
    200.4     -.053     600.4     -.316    1000.4      .819    1400.4     -.398
    200.8      .332     600.8      .238    1000.8     -.718    1400.8      .654
    201.2     -.285     601.2     .0096    1001.2      .827    1401.2    -1.050
    201.6      .669     601.6     -.163    1001.6     -.692    1401.6      .988
    202.0     -.788     602.0      .742    1002.0      .237    1402.0    -1.100
    202.3      .897     602.3     -.761    1002.3     -.063    1402.3      .800
    202.7     -.808     602.7      .947    1002.7     -.422    1402.7     -.677
    203.1      .565     603.1     -.910    1003.1      .516    1403.1      .272
    203.5     -.587     603.5      .809    1003.5     -.663    1403.5     -.121
    203.9      .338     603.9     -.906    1003.9      .839    1403.9     -.100
    204.3     -.238     604.3      .708    1004.3     -.875    1404.3      .490
    204.7     -.141     604.7     -.644    1004.7     1.145    1404.7     -.853
    205.1      .403     605.1      .314    1005.1     -.832    1405.1     1.016
    205.5     -.648     605.5      .051    1005.5      .799    1405.5     -.940
    205.9      .929     605.9     -.099    1005.9     -.475    1405.9      .969
    206.3     -.837     606.3      .427    1006.3      .223    1406.3     -.731
    206.6      .988     606.6     -.354    1006.6     -.010    1406.6      .607
    207.0     -.705     607.0      .728    1007.0     -.178    1407.0     -.133
    207.4      .727     607.4     -.578    1007.4      .387    1407.4      .078
    207.8     -.200     607.8      .758    1007.8     -.477    1407.8      .492
    208.2     -.085     608.2     -.424    1008.2      .653    1408.2     -.549
    208.6      .548     608.6      .154    1008.6     -.213    1408.6      .802
    209.0     -.609     609.0      .165    1009.0      .354    1409.0     -.362
    209.4      .766     609.4     -.251    1009.4      .180    1409.4      .429
    209.8     -.551     609.8      .477    1009.8      .072    1409.8     -.134
    210.2      .532     610.2     -.435    1010.2      .318    1410.2      .220
    210.5     -.269     610.5      .683    1010.5     -.251    1410.5      .020
    210.9      .249     610.9     -.676    1010.9      .556    1410.9     -.206
    211.3      .109     611.3      .829    1011.3     -.855    1411.3      .518
    211.7     -.581     611.7     -.461    1011.7      .869    1411.7     -.783
    212.1      .885     612.1      .094    1012.1     -.951    1412.1      .848
    212.5    -1.167     612.5      .301    1012.5      .632    1412.5     -.913
    212.9     1.004     612.9     -.583    1012.9     -.545    1412.9      .724
    213.3    -1.128     613.3      .738    1013.3      .306    1413.3     -.739
    213.7      .737     613.7    -1.008    1013.7     -.080    1413.7      .715
    214.1     -.771     614.1     1.009    1014.1     -.102    1414.1     -.606
    214.5      .421     614.5    -1.191    1014.5      .566    1414.5      .308
    214.8     -.291     614.8     1.006    1014.8     -.810    1414.8      .027
    215.2     -.223     615.2     -.852    1015.2     1.044    1415.2     -.150
    215.6      .445     615.6      .443    1015.6    -1.020    1415.6      .510
    216.0     -.722     616.0     -.168    1016.0      .913    1416.0     -.632
    216.4      .745     616.4     -.130    1016.4     -.804    1416.4      .853
    216.8     -.851     616.8      .381    1016.8      .526    1416.8     -.662
    217.2      .786     617.2     -.585    1017.2     -.216    1417.2      .923
    217.6     -.742     617.6      .833    1017.6     -.102    1417.6     -.559
    218.0      .440     618.0     -.826    1018.0      .567    1418.0      .277
    218.4     -.091     618.4      .596    1018.4     -.695    1418.4      .309
    218.8     -.281     618.8     -.324    1018.8      .843    1418.8     -.284
    219.1      .550     619.1     -.023    1019.1     -.496    1419.1      .577
    219.5     -.587     619.5      .335    1019.5      .489    1419.5     -.597
    219.9      .655     619.9     -.380    1019.9     -.213    1419.9      .736
    220.3     -.510     620.3      .580    1020.3      .110    1420.3     -.614
    220.7      .506     620.7     -.654    1020.7      .143    1420.7      .612
    221.1     -.583     621.1      .885    1021.1     -.469    1421.1     -.474
    221.5      .247     621.5    -1.025    1021.5      .799    1421.5     -.100
    221.9     -.110     621.9      .725    1021.9    -1.174    1421.9      .378
    222.3     -.523     622.3     -.665    1022.3     1.002    1422.3     -.851
    222.7      .515     622.7     -.023    1022.7    -1.100    1422.7      .796
    223.0    -1.055     623.0     -.057    1023.0      .684    1423.0    -1.108
    223.4      .861     623.4     -.527    1023.4     -.747    1423.4      .939
    223.8    -1.077     623.8      .398    1023.8      .347    1423.8    -1.060
    224.2      .982     624.2     -.790    1024.2     -.328    1424.2      .888
    224.6    -1.168     624.6      .950    1024.6     -.253    1424.6     -.748
    225.0      .834     625.0    -1.165    1025.0      .392    1425.0      .307
    225.4     -.623     625.4     1.068    1025.4     -.789    1425.4     -.026
    225.8      .162     625.8     -.891    1025.8      .757    1425.8     -.313
    226.2      .054     626.2      .623    1026.2     -.895    1426.2      .484
    226.6     -.523     626.6     -.447    1026.6      .730    1426.6     -.660
    227.0      .641     627.0      .056    1027.0     -.605    1427.0      .750
    227.3     -.778     627.3      .199    1027.3      .517    1427.3     -.826
    227.7      .976     627.7     -.565    1027.7     -.145    1427.7      .701
    228.1     -.835     628.1      .780    1028.1     -.286    1428.1     -.307
    228.5      .659     628.5     -.869    1028.5      .578    1428.5     -.023
    228.9     -.038     628.9      .657    1028.9     -.670    1428.9      .333
    229.3     -.158     629.3     -.315    1029.3      .650    1429.3     -.455
    229.7      .547     629.7      .159    1029.7     -.627    1429.7      .622
    230.1     -.589     630.1      .082    1030.1      .474    1430.1     -.646
    230.5      .682     630.5     -.268    1030.5     -.454    1430.5      .660
    230.9     -.802     630.9      .539    1030.9      .295    1430.9     -.972
    231.3      .810     631.3     -.865    1031.3     -.092    1431.3      .649
    231.6     -.906     631.6     1.033    1031.6     -.468    1431.6     -.606
    232.0      .585     632.0    -1.249    1032.0      .725    1432.0     -.095
    232.4     -.300     632.4      .992    1032.4    -1.110    1432.4      .028
    232.8     -.133     632.8     -.865    1032.8      .928    1432.8     -.646
    233.2      .395     633.2      .495    1033.2    -1.193    1433.2      .539
    233.6     -.648     633.6     -.336    1033.6      .926    1433.6     -.885
    234.0      .799     634.0      .148    1034.0    -1.110    1434.0      .923
    234.4     -.989     634.4      .237    1034.4      .802    1434.4    -1.241
    234.8     1.132     634.8     -.763    1034.8     -.686    1434.8     1.118
    235.2    -1.202     635.2      .770    1035.2      .179    1435.2     -.923
    235.5      .945     635.5    -1.143    1035.5      .244    1435.5      .611
    235.9     -.684     635.9     1.055    1035.9     -.521    1435.9     -.349
    236.3      .474     636.3     -.990    1036.3      .726    1436.3     -.023
    236.7     -.056     636.7      .806    1036.7     -.812    1436.7      .286
    237.1     -.087     637.1     -.433    1037.1      .866    1437.1     -.541
    237.5      .576     637.5      .382    1037.5     -.798    1437.5      .828
    237.9     -.462     637.9      .314    1037.9      .577    1437.9     -.896
    238.3      .908     638.3     -.395    1038.3     -.167    1438.3      .766
    238.7     -.527     638.7      .849    1038.7     -.106    1438.7     -.380
    239.1      .466     639.1     -.607    1039.1      .577    1439.1      .208
    239.5      .038     639.5      .631    1039.5     -.546    1439.5      .191
    239.8     -.019     639.8     -.417    1039.8      .798    1439.8     -.323
    240.2      .242     640.2      .229    1040.2     -.574    1440.2      .497
    240.6     -.227     640.6     -.104    1040.6      .790    1440.6     -.745
    241.0      .490     641.0     -.025    1041.0     -.741    1441.0      .914
    241.4     -.641     641.4      .396    1041.4      .512    1441.4    -1.230
    241.8      .896     641.8     -.574    1041.8     -.302    1441.8      .813
    242.2     -.853     642.2     1.052    1042.2     -.225    1442.2     -.894
    242.6      .721     642.6     -.931    1042.6      .311    1442.6      .384
    243.0     -.537     643.0     1.031    1043.0     -.775    1443.0     -.244
    243.4      .305     643.4     -.802    1043.4      .793    1443.4     -.135
    243.8     -.231     643.8      .733    1043.8     -.878    1443.8      .330
    244.1      .049     644.1     -.726    1044.1     1.089    1444.1     -.569
    244.5      .181     644.5      .374    1044.5    -1.024    1444.5      .995
    244.9     -.540     644.9     -.255    1044.9     1.031    1444.9    -1.005
    245.3      .775     645.3     -.090    1045.3     -.577    1445.3     1.069
    245.7     -.841     645.7      .321    1045.7      .463    1445.7     -.849
    246.1     1.009     646.1     -.454    1046.1     -.136    1446.1      .731
    246.5     -.843     646.5      .719    1046.5     -.106    1446.5     -.387
    246.9      .825     646.9     -.536    1046.9      .332    1446.9      .193
    247.3     -.447     647.3      .809    1047.3     -.444    1447.3      .233
    247.7      .411     647.7     -.540    1047.7      .675    1447.7     -.361
    248.0      .180     648.0      .545    1048.0     -.468    1448.0      .787
    248.4     -.476     648.4     -.026    1048.4      .495    1448.4     -.542
    248.8      .732     648.8     -.065    1048.8      .083    1448.8      .661
    249.2     -.600     649.2      .377    1049.2      .081    1449.2     -.129
    249.6      .645     649.6     -.365    1049.6      .381    1449.6      .208
    250.0     -.401     650.0      .587    1050.0     -.104    1450.0      .059
    250.4      .345     650.4     -.439    1050.4      .439    1450.4     -.070
    250.8     -.070     650.8      .692    1050.8     -.560    1450.8      .261
    251.2     -.099     651.2     -.596    1051.2      .760    1451.2     -.692
    251.6      .551     651.6      .449    1051.6     -.906    1451.6      .786
    252.0     -.952     652.0      .019    1052.0      .664    1452.0     -.962
    252.3     1.067     652.3     -.363    1052.3     -.620    1452.3      .847
    252.7    -1.167     652.7      .597    1052.7      .242    1452.7     -.765
    253.1      .888     653.1     -.881    1053.1     -.163    1453.1      .590
    253.5     -.894     653.5      .907    1053.5      .019    1453.5     -.459
    253.9      .555     653.9    -1.061    1053.9      .325    1453.9      .524
    254.3     -.493     654.3     1.060    1054.3     -.547    1454.3     -.166
    254.7      .050     654.7    -1.089    1054.7      .983    1454.7     -.130
    255.1      .203     655.1      .722    1055.1     -.986    1455.1      .473
    255.5     -.597     655.5     -.402    1055.5     1.103    1455.5     -.560
    255.9      .789     655.9      .069    1055.9     -.923    1455.9      .758
    256.3     -.897     656.3      .259    1056.3      .734    1456.3     -.820
    256.6      .830     656.6     -.479    1056.6     -.477    1456.6      .831
    257.0     -.816     657.0      .667    1057.0      .209    1457.0     -.602
    257.4      .717     657.4     -.757    1057.4      .217    1457.4      .685
    257.8     -.472     657.8      .884    1057.8     -.492    1457.8     -.125
    258.2      .014     658.2     -.657    1058.2      .825    1458.2     -.128
    258.6      .293     658.6      .302    1058.6     -.681    1458.6      .598
    259.0     -.564     659.0      .114    1059.0      .659    1459.0     -.403
    259.4      .698     659.4     -.308    1059.4     -.296    1459.4      .677
    259.8     -.621     659.8      .556    1059.8      .236    1459.8     -.556
    260.2      .537     660.2     -.545    1060.2      .036    1460.2      .633
    260.5     -.437     660.5      .747    1060.5     -.220    1460.5     -.488
    260.9      .455     660.9     -.798    1060.9      .543    1460.9      .266
    261.3     -.377     661.3      .854    1061.3     -.915    1461.3      .037
    261.7     -.153     661.7     -.857    1061.7     1.058    1461.7     -.609
    262.1      .358     662.1      .305    1062.1    -1.214    1462.1      .796
    262.5     -.909     662.5     -.230    1062.5      .889    1462.5    -1.080
    262.9      .796     662.9     -.503    1062.9     -.861    1462.9      .915
    263.3    -1.182     663.3      .339    1063.3      .428    1463.3    -1.049
    263.7      .876     663.7     -.820    1063.7     -.417    1463.7      .979
    264.1    -1.054     664.1      .725    1064.1     .0014    1464.1     -.912
    264.5      .930     664.5    -1.068    1064.5      .160    1464.5      .571
    264.8     -.888     664.8     1.071    1064.8     -.697    1464.8     -.231
    265.2      .420     665.2     -.999    1065.2      .739    1465.2     -.137
    265.6     -.122     665.6      .844    1065.6     -.966    1465.6      .375
    266.0     -.291     666.0     -.603    1066.0      .830    1466.0     -.695
    266.4      .456     666.4      .236    1066.4     -.805    1466.4      .745
    266.8     -.785     666.8     -.034    1066.8      .595    1466.8     -.791
    267.2      .830     667.2     -.306    1067.2     -.409    1467.2      .841
    267.6     -.913     667.6      .528    1067.6      .202    1467.6     -.696
    268.0      .845     668.0     -.849    1068.0      .296    1468.0      .277
    268.4     -.547     668.4      .810    1068.4     -.614    1468.4      .200
    268.8      .191     668.8     -.618    1068.8      .708    1468.8     -.351
    269.1      .362     669.1      .377    1069.1     -.630    1469.1      .596
    269.5     -.401     669.5     -.021    1069.5      .545    1469.5     -.672
    269.9      .688     669.9     -.120    1069.9     -.444    1469.9      .725
    270.3     -.659     670.3      .349    1070.3      .253    1470.3     -.708
    270.7      .766     670.7     -.480    1070.7     -.258    1470.7      .673
    271.1     -.863     671.1      .803    1071.1     -.133    1471.1     -.772
    271.5      .754     671.5    -1.152    1071.5      .463    1471.5      .216
    271.9     -.595     671.9     1.074    1071.9     -.945    1471.9     -.061
    272.3      .129     672.3    -1.076    1072.3      .975    1472.3     -.541
    272.7      .177     672.7      .675    1072.7    -1.232    1472.7      .427
    273.0     -.583     673.0     -.504    1073.0      .971    1473.0     -.938
    273.4      .744     673.4      .147    1073.4    -1.106    1473.4      .820
    273.8     -.842     673.8      .062    1073.8      .833    1473.8    -1.130
    274.2     1.002     674.2     -.343    1074.2     -.883    1474.2     1.069
    274.6    -1.166     674.6      .646    1074.6      .369    1474.6    -1.153
    275.0     1.143     675.0    -1.196    1075.0     -.148    1475.0      .856
    275.4     -.950     675.4     1.090    1075.4     -.311    1475.4     -.537
    275.8      .661     675.8    -1.192    1075.8      .643    1475.8      .208
    276.2     -.334     676.2      .974    1076.2     -.817    1476.2      .092
    276.6      .017     676.6     -.697    1076.6      .913    1476.6     -.361
    277.0      .355     677.0      .541    1077.0     -.838    1477.0      .655
    277.3     -.358     677.3     -.039    1077.3      .864    1477.3     -.855
    277.7      .763     677.7     .0039    1077.7     -.580    1477.7      .898
    278.1     -.634     678.1      .716    1078.1      .120    1478.1     -.717
    278.5      .788     678.5     -.659    1078.5      .265    1478.5      .417
    278.9     -.227     678.9      .845    1078.9     -.440    1478.9     -.011
    279.3      .207     679.3     -.497    1079.3      .746    1479.3     -.217
    279.7      .231     679.7      .380    1079.7     -.606    1479.7      .485
    280.1     -.176     680.1     -.159    1080.1      .767    1480.1     -.554
    280.5      .426     680.5      .042    1080.5     -.539    1480.5      .770
    280.9     -.371     680.9      .156    1080.9      .735    1480.9    -1.016
    281.3      .701     681.3     -.380    1081.3     -.404    1481.3     1.052
    281.6     -.749     681.6      .810    1081.6      .081    1481.6    -1.007
    282.0      .851     682.0     -.877    1082.0      .219    1482.0      .536
    282.4     -.659     682.4     1.130    1082.4     -.692    1482.4     -.497
    282.8      .498     682.8     -.934    1082.8      .668    1482.8     -.104
    283.2     -.265     683.2      .782    1083.2     -.997    1483.2      .165
    283.6      .055     683.6     -.671    1083.6      .920    1483.6     -.444
    284.0      .047     684.0      .524    1084.0    -1.023    1484.0      .688
    284.4     -.339     684.4     -.474    1084.4     1.098    1484.4     -.961
    284.8      .578     684.8     -.045    1084.8     -.854    1484.8     1.200
    285.2     -.864     685.2      .218    1085.2      .767    1485.2     -.976
    285.5      .911     685.5     -.324    1085.5     -.213    1485.5      .988
    285.9     -.948     685.9      .614    1085.9      .143    1485.9     -.597
    286.3      .955     686.3     -.579    1086.3      .214    1486.3      .421
    286.7     -.672     686.7      .823    1086.7     -.285    1486.7     -.072
    287.1      .598     687.1     -.530    1087.1      .527    1487.1     -.155
    287.5     -.119     687.5      .829    1087.5     -.582    1487.5      .504
    287.9     -.020     687.9     -.381    1087.9      .631    1487.9     -.669
    288.3      .631     688.3      .145    1088.3     -.326    1488.3      .753
    288.7     -.599     688.7      .291    1088.7      .289    1488.7     -.400
    289.1      .770     689.1     -.247    1089.1      .283    1489.1      .457
    289.5     -.467     689.5      .458    1089.5     -.078    1489.5      .064
    289.8      .488     689.8     -.392    1089.8      .429    1489.8      .081
    290.2     -.118     690.2      .582    1090.2     -.169    1490.2      .308
    290.6      .134     690.6     -.475    1090.6      .597    1490.6     -.293
    291.0      .256     691.0      .638    1091.0     -.685    1491.0      .655
    291.4     -.535     691.4     -.318    1091.4      .760    1491.4     -.921
    291.8      .957     691.8     -.027    1091.8     -.771    1491.8      .874
    292.2    -1.125     692.2      .448    1092.2      .443    1492.2     -.920
    292.6     1.043     692.6     -.712    1092.6     -.348    1492.6      .717
    293.0    -1.040     693.0      .811    1093.0     -.106    1493.0     -.547
    293.4      .594     693.4     -.995    1093.4      .140    1493.4      .483
    293.8     -.597     693.8      .979    1093.8     -.339    1493.8     -.222
    294.1      .220     694.1    -1.096    1094.1      .717    1494.1      .183
    294.5     -.137     694.5      .917    1094.5     -.958    1494.5      .356
    294.9     -.496     694.9     -.742    1094.9     1.172    1494.9     -.445
    295.3      .626     695.3      .324    1095.3     -.972    1495.3      .697
    295.7     -.896     695.7      .015    1095.7     1.001    1495.7     -.756
    296.1      .913     696.1     -.324    1096.1     -.668    1496.1      .833
    296.5     -.949     696.5      .579    1096.5      .444    1496.5     -.805
    296.9      .776     696.9     -.677    1096.9     -.057    1496.9      .685
    297.3     -.628     697.3      .877    1097.3     -.160    1497.3     -.434
    297.7      .453     697.7     -.836    1097.7      .634    1497.7      .190
    298.0     -.054     698.0      .679    1098.0     -.751    1498.0      .361
    298.4     -.430     698.4     -.250    1098.4      .872    1498.4     -.376
    298.8      .633     698.8     -.042    1098.8     -.455    1498.8      .750
    299.2     -.656     699.2      .384    1099.2      .392    1499.2     -.429
    299.6      .688     699.6     -.510    1099.6     -.016    1499.6      .709
    300.0     -.545     700.0      .689    1100.0     -.048    1500.0     -.388
    300.4      .401     700.4     -.589    1100.4      .287    1500.4      .519
    300.8     -.324     700.8      .754    1100.8     -.590    1500.8     -.186
    301.2      .179     701.2     -.889    1101.2      .843    1501.2     -.226
    301.6      .035     701.6      .587    1101.6    -1.171    1501.6      .539
    302.0     -.655     702.0     -.432    1102.0     1.031    1502.0     -.991
    302.3      .694     702.3     -.216    1102.3    -1.009    1502.3      .947
    302.7    -1.120     702.7      .149    1102.7      .563    1502.7    -1.179
    303.1      .847     703.1     -.804    1103.1     -.486    1503.1      .903
    303.5    -1.178     703.5      .593    1103.5      .106    1503.5     -.922
    303.9      .814     703.9     -.957    1103.9     -.040    1503.9      .765
    304.3    -1.003     704.3      .933    1104.3     -.444    1504.3     -.552
    304.7      .646     704.7    -1.141    1104.7      .589    1504.7      .088
    305.1     -.497     705.1      .985    1105.1     -.989    1505.1      .234
    305.5     -.056     705.5     -.727    1105.5      .844    1505.5     -.518
    305.9      .296     705.9      .470    1105.9    -1.004    1505.9      .663
    306.3     -.678     706.3     -.228    1106.3      .695    1506.3     -.861
    306.6      .750     706.6     -.153    1106.6     -.601    1506.6      .787
    307.0     -.894     707.0      .301    1107.0      .344    1507.0     -.744
    307.4      .909     707.4     -.616    1107.4     -.079    1507.4      .652
    307.8     -.829     707.8      .780    1107.8     -.238    1507.8     -.289
    308.2      .556     708.2     -.914    1108.2      .649    1508.2     -.134
    308.6     -.076     708.6      .628    1108.6     -.635    1508.6      .546
    309.0     -.222     709.0     -.328    1109.0      .629    1509.0     -.542
    309.4      .669     709.4      .060    1109.4     -.485    1509.4      .715
    309.8     -.611     709.8      .232    1109.8      .296    1509.8     -.645
    310.2      .752     710.2     -.410    1110.2     -.224    1510.2      .677
    310.5     -.645     710.5      .511    1110.5     -.023    1510.5     -.723
    310.9      .767     710.9     -.822    1110.9      .061    1510.9      .452
    311.3     -.770     711.3      .974    1111.3     -.682    1511.3     -.361
    311.7      .353     711.7    -1.204    1111.7      .818    1511.7     -.320
    312.1     -.139     712.1      .856    1112.1    -1.156    1512.1      .430
    312.5     -.380     712.5     -.789    1112.5     1.028    1512.5     -.941
    312.9      .547     712.9      .266    1112.9    -1.136    1512.9      .751
    313.3     -.978     713.3     -.069    1113.3      .841    1513.3    -1.067
    313.7      .917     713.7     -.229    1113.7     -.866    1513.7      .978
    314.1    -1.021     714.1      .484    1114.1      .646    1514.1    -1.251
    314.5     1.173     714.5     -.791    1114.5     -.485    1514.5      .959
    314.8    -1.196     714.8      .917    1114.8     -.141    1514.8     -.864
    315.2      .883     715.2    -1.283    1115.2      .371    1515.2      .418
    315.6     -.532     715.6     1.030    1115.6     -.718    1515.6     -.124
    316.0      .254     716.0    -1.002    1116.0      .897    1516.0     -.301
    316.4      .118     716.4      .717    1116.4     -.928    1516.4      .475
    316.8     -.352     716.8     -.330    1116.8      .992    1516.8     -.653
    317.2      .666     717.2      .224    1117.2     -.742    1517.2      .862
    317.6     -.561     717.6      .359    1117.6      .653    1517.6     -.933
    318.0      .953     718.0     -.439    1118.0     -.197    1518.0      .682
    318.4     -.578     718.4      .965    1118.4     -.295    1518.4     -.320
    318.8      .533     718.8     -.659    1118.8      .565    1518.8      .023
    319.1      .144     719.1      .646    1119.1     -.637    1519.1      .320
    319.5     -.058     719.5     -.341    1119.5      .746    1519.5     -.529
    319.9      .413     719.9      .115    1119.9     -.554    1519.9      .689
    320.3     -.351     720.3      .033    1120.3      .633    1520.3     -.720
    320.7      .542     720.7     -.162    1120.7     -.474    1520.7      .914
    321.1     -.664     721.1      .397    1121.1      .477    1521.1    -1.004
    321.5      .788     721.5     -.683    1121.5     .0079    1521.5      .851
    321.9     -.805     721.9     1.056    1121.9     -.408    1521.9     -.581
    322.3      .571     722.3     -.907    1122.3      .617    1522.3      .148
    322.7     -.369     722.7     1.004    1122.7    -1.045    1522.7     -.050
    323.0      .047     723.0     -.735    1123.0      .843    1523.0     -.535
    323.4      .060     723.4      .554    1123.4    -1.066    1523.4      .496
    323.8     -.205     723.8     -.450    1123.8      .942    1523.8     -.855
    324.2      .376     724.2      .244    1124.2    -1.005    1524.2     1.033
    324.6     -.702     724.6     -.151    1124.6      .891    1524.6    -1.193
    325.0      .854     725.0     -.400    1125.0     -.467    1525.0     1.193
    325.4     -.887     725.4      .546    1125.4      .388    1525.4     -.802
    325.8      .903     725.8     -.584    1125.8      .173    1525.8      .702
    326.2     -.806     726.2      .820    1126.2     -.226    1526.2     -.241
    326.6      .673     726.6     -.629    1126.6      .537    1526.6      .102
    327.0     -.331     727.0      .812    1127.0     -.533    1527.0      .306
    327.3      .311     727.3     -.395    1127.3      .697    1527.3     -.549
    327.7      .251     727.7      .566    1127.7     -.649    1527.7      .719
    328.1     -.427     728.1     -.035    1128.1      .406    1528.1     -.764
    328.5      .809     728.5     -.160    1128.5     -.047    1528.5      .599
    328.9     -.549     728.9      .438    1128.9      .066    1528.9     -.102
    329.3      .601     729.3     -.394    1129.3      .425    1529.3      .111
    329.7     -.305     729.7      .497    1129.7     -.152    1529.7      .348
    330.1      .194     730.1     -.423    1130.1      .533    1530.1     -.037
    330.5      .046     730.5      .525    1130.5     -.330    1530.5      .607
    330.9     -.202     730.9     -.416    1130.9      .748    1530.9     -.588
    331.3      .554     731.3      .347    1131.3     -.737    1531.3      .962
    331.6     -.981     731.6      .106    1131.6      .551    1531.6     -.967
    332.0     1.084     732.0     -.459    1132.0     -.416    1532.0      .795
    332.4    -1.090     732.4      .735    1132.4      .023    1532.4     -.756
    332.8      .863     732.8     -.972    1132.8     -.014    1532.8      .338
    333.2     -.747     733.2      .927    1133.2     -.370    1533.2     -.295
    333.6      .346     733.6     -.989    1133.6      .456    1533.6      .193
    334.0     -.263     734.0      .939    1134.0     -.668    1534.0      .063
    334.4     -.127     734.4     -.963    1134.4     1.006    1534.4     -.349
    334.8      .360     734.8      .553    1134.8    -1.048    1534.8      .710
    335.2     -.874     735.2     -.229    1135.2     1.098    1535.2     -.707
    335.5      .853     735.5     -.090    1135.5     -.803    1535.5      .867
    335.9    -1.045     735.9      .423    1135.9      .711    1535.9     -.842
    336.3      .909     736.3     -.638    1136.3     -.350    1536.3      .755
    336.7     -.787     736.7      .759    1136.7      .088    1536.7     -.601
    337.1      .567     737.1     -.760    1137.1      .257    1537.1      .478
    337.5     -.356     737.5      .879    1137.5     -.550    1537.5     -.110
    337.9      .088     737.9     -.695    1137.9      .821    1537.9     -.230
    338.3      .432     738.3      .246    1138.3     -.754    1538.3      .664
    338.7     -.678     738.7      .168    1138.7      .649    1538.7     -.427
    339.1      .710     739.1     -.369    1139.1     -.226    1539.1      .673
    339.5     -.639     739.5      .573    1139.5      .136    1539.5     -.377
    339.8      .566     739.8     -.638    1139.8      .236    1539.8      .579
    340.2     -.392     740.2      .689    1140.2     -.314    1540.2     -.234
    340.6      .140     740.6     -.636    1140.6      .570    1540.6      .209
    341.0     -.201     741.0      .729    1141.0     -.932    1541.0      .253
    341.4     -.247     741.4     -.727    1141.4     1.016    1541.4     -.686
    341.8      .481     741.8      .128    1141.8    -1.129    1541.8      .905
    342.2    -1.054     742.2     .0010    1142.2      .734    1542.2    -1.146
    342.6      .896     742.6     -.647    1142.6     -.715    1542.6      .931
    343.0    -1.206     743.0      .450    1143.0      .184    1543.0    -1.068
    343.4      .891     743.4    -1.025    1143.4     -.065    1543.4      .760
    343.8    -1.011     743.8      .747    1143.8     -.210    1543.8     -.742
    344.1      .643     744.1    -1.071    1144.1      .359    1544.1      .359
    344.5     -.675     744.5      .945    1144.5     -.888    1544.5     -.090
    344.9      .230     744.9     -.983    1144.9      .908    1544.9     -.363
    345.3      .055     745.3      .719    1145.3    -1.090    1545.3      .588
    345.7     -.523     745.7     -.373    1145.7      .812    1545.7     -.771
    346.1      .677     746.1      .063    1146.1     -.942    1546.1      .778
    346.5     -.904     746.5      .142    1146.5      .480    1546.5     -.843
    346.9      .926     746.9     -.466    1146.9     -.358    1546.9      .766
    347.3     -.894     747.3      .558    1147.3      .098    1547.3     -.611
    347.7      .824     747.7     -.853    1147.7      .310    1547.7      .249
    348.0     -.477     748.0      .753    1148.0     -.571    1548.0      .216
    348.4      .081     748.4     -.658    1148.4      .806    1548.4     -.420
    348.8      .383     748.8      .271    1148.8     -.526    1548.8      .719
    349.2     -.519     749.2      .057    1149.2      .490    1549.2     -.588
    349.6      .768     749.6     -.259    1149.6     -.250    1549.6      .690
    350.0     -.678     750.0      .494    1150.0      .084    1550.0     -.556
    350.4      .711     750.4     -.550    1150.4     -.027    1550.4      .555
    350.8     -.646     750.8      .714    1150.8     -.306    1550.8     -.536
    351.2      .592     751.2    -1.053    1151.2      .455    1551.2     -.017
    351.6     -.408     751.6      .998    1151.6    -1.037    1551.6      .121
    352.0     -.164     752.0     -.986    1152.0     1.012    1552.0     -.755
    352.3      .284     752.3      .432    1152.3    -1.217    1552.3      .705
    352.7     -.784     752.7     -.348    1152.7      .896    1552.7    -1.130
    353.1      .816     753.1     -.205    1153.1     -.893    1553.1      .880
    353.5    -1.107     753.5      .310    1153.5      .579    1553.5    -1.086
    353.9      .991     753.9     -.529    1153.9     -.626    1553.9     1.020
    354.3    -1.060     754.3      .777    1154.3      .136    1554.3    -1.116
    354.7     1.112     754.7    -1.233    1154.7      .058    1554.7      .587
    355.1     -.845     755.1     1.163    1155.1     -.647    1555.1     -.415
    355.5      .492     755.5    -1.159    1155.5      .727    1555.5     -.057
    355.9     -.067     755.9      .837    1155.9    -1.046    1555.9      .253
    356.3     -.111     756.3     -.699    1156.3     1.002    1556.3     -.675
    356.6      .489     756.6      .338    1156.6     -.876    1556.6      .692
    357.0     -.581     757.0      .065    1157.0      .838    1557.0     -.838
    357.4      .773     757.4     -.179    1157.4     -.450    1557.4      .923
    357.8     -.662     757.8      .724    1157.8      .177    1557.8     -.706
    358.2      .750     758.2     -.763    1158.2      .289    1558.2      .303
    358.6     -.277     758.6      .930    1158.6     -.543    1558.6      .130
    359.0      .146     759.0     -.500    1159.0      .719    1559.0     -.291
    359.4      .371     759.4      .440    1159.4     -.634    1559.4      .599
    359.8     -.257     759.8     -.054    1159.8      .662    1559.8     -.678
    360.2      .578     760.2     -.077    1160.2     -.420    1560.2      .767
    360.5     -.455     760.5      .277    1160.5      .491    1560.5     -.838
    360.9      .630     760.9     -.453    1160.9     -.242    1560.9      .905
    361.3     -.763     761.3      .763    1161.3     .0053    1561.3     -.800
    361.7      .664     761.7     -.962    1161.7      .444    1561.7      .410
    362.1     -.548     762.1     1.042    1162.1     -.804    1562.1     -.025
    362.5      .185     762.5     -.890    1162.5      .795    1562.5     -.291
    362.9     -.041     762.9      .709    1162.9    -1.183    1562.9      .385
    363.3     -.287     763.3     -.482    1163.3      .843    1563.3     -.827
    363.7      .404     763.7      .305    1163.7    -1.049    1563.7      .718
    364.1     -.419     764.1     -.174    1164.1      .860    1564.1    -1.205
    364.5      .728     764.5     -.152    1164.5     -.832    1564.5     1.061
    364.8     -.852     764.8      .364    1164.8      .546    1564.8    -1.141
    365.2      .988     765.2     -.620    1165.2     -.022    1565.2      .934
    365.6     -.776     765.6      .728    1165.6     -.047    1565.6     -.531
    366.0      .822     766.0     -.699    1166.0      .538    1566.0      .373
    366.4     -.587     766.4      .800    1166.4     -.484    1566.4      .215
    366.8      .359     766.8     -.517    1166.8      .749    1566.8     -.120
    367.2    -.0095     767.2      .659    1167.2     -.658    1567.2      .745
    367.6     -.070     767.6     -.153    1167.6      .719    1567.6     -.699
    368.0      .547     768.0      .125    1168.0     -.471    1568.0      .742
    368.4     -.660     768.4      .383    1168.4      .145    1568.4     -.501
    368.8      .766     768.8     -.343    1168.8      .299    1568.8      .265
    369.1     -.355     769.1      .533    1169.1     -.178    1569.1      .048
    369.5      .378     769.5     -.345    1169.5      .601    1569.5     -.167
    369.9     -.061     769.9      .450    1169.9     -.240    1569.9      .486
    370.3      .014     770.3     -.356    1170.3      .610    1570.3     -.289
    370.7      .282     770.7      .425    1170.7     -.467    1570.7      .832
    371.1     -.521     771.1     -.232    1171.1      .728    1571.1     -.784
    371.5      .843     771.5     -.109    1171.5     -.569    1571.5      .995
    371.9    -1.136     771.9      .429    1171.9      .175    1571.9     -.787
    372.3     1.002     772.3     -.716    1172.3     -.098    1572.3      .537
    372.7     -.914     772.7      .761    1172.7     -.376    1572.7     -.538
    373.0      .470     773.0     -.999    1173.0      .336    1573.0      .033
    373.4     -.338     773.4      .831    1173.4     -.605    1573.4     -.121
    373.8      .054     773.8     -.974    1173.8      .713    1573.8     -.137
    374.2      .119     774.2      .814    1174.2     -.915    1574.2      .400
    374.6     -.600     774.6     -.673    1174.6     1.162    1574.6     -.617
    375.0      .811     775.0      .179    1175.0     -.899    1575.0      .886
    375.4    -1.060     775.4      .164    1175.4      .866    1575.4     -.672
    375.8      .979     775.8     -.376    1175.8     -.496    1575.8      .896
    376.2    -1.008     776.2      .658    1176.2      .377    1576.2     -.635
    376.6      .702     776.6     -.748    1176.6      .053    1576.6      .663
    377.0     -.498     777.0      .870    1177.0     -.226    1577.0     -.329
    377.3      .321     777.3     -.716    1177.3      .609    1577.3      .164
    377.7      .035     777.7      .730    1177.7     -.801    1577.7      .249
    378.1     -.452     778.1     -.337    1178.1      .854    1578.1     -.479
    378.5      .803     778.5     -.076    1178.5     -.471    1578.5      .677
    378.9     -.715     778.9      .459    1178.9      .367    1578.9     -.469
    379.3      .693     779.3     -.526    1179.3      .036    1579.3      .585
    379.7     -.517     779.7      .654    1179.7     -.098    1579.7     -.282
    380.1      .348     780.1     -.643    1180.1      .415    1580.1      .371
    380.5     -.150     780.5      .692    1180.5     -.509    1580.5     -.045
    380.9     -.067     780.9     -.640    1180.9      .776    1580.9     -.180
    381.3      .127     781.3      .552    1181.3    -1.114    1581.3      .625
    381.6     -.754     781.6     -.361    1181.6      .915    1581.6     -.953
    382.0      .844     782.0     -.254    1182.0     -.855    1582.0     1.013
    382.4    -1.227     782.4      .335    1182.4      .377    1582.4    -1.209
    382.8      .888     782.8     -.914    1182.8     -.298    1582.8      .847
    383.2    -1.129     783.2      .637    1183.2     -.171    1583.2     -.856
    383.6      .715     783.6    -1.050    1183.6      .240    1583.6      .571
    384.0     -.759     784.0      .822    1184.0     -.555    1584.0     -.437
    384.4      .401     784.4    -1.084    1184.4      .765    1584.4     -.021
    384.8     -.291     784.8      .804    1184.8    -1.160    1584.8      .422
    385.2     -.252     785.2     -.654    1185.2      .961    1585.2     -.635
    385.5      .551     785.5      .332    1185.5    -1.017    1585.5      .785
    385.9     -.812     785.9     -.040    1185.9      .674    1585.9     -.906
    386.3      .856     786.3     -.207    1186.3     -.640    1586.3      .856
    386.7     -.917     786.7      .450    1186.7      .207    1586.7     -.730
    387.1      .888     787.1     -.615    1187.1     .0087    1587.1      .531
    387.5     -.721     787.5      .768    1187.5     -.270    1587.5     -.301
    387.9      .466     787.9     -.851    1187.9      .674    1587.9     -.220
    388.3     -.022     788.3      .589    1188.3     -.690    1588.3      .545
    388.7     -.359     788.7     -.231    1188.7      .698    1588.7     -.635
    389.1      .695     789.1     -.066    1189.1     -.373    1589.1      .774
    389.5     -.708     789.5      .339    1189.5      .249    1589.5     -.565
    389.8      .765     789.8     -.484    1189.8     -.027    1589.8      .604
    390.2     -.600     790.2      .640    1190.2     -.169    1590.2     -.472
    390.6      .555     790.6     -.730    1190.6      .226    1590.6      .360
    391.0     -.510     791.0      .858    1191.0     -.692    1591.0     -.212
    391.4      .235     791.4    -1.086    1191.4      .814    1591.4     -.524
    391.8      .013     791.8      .772    1191.8    -1.178    1591.8      .542
    392.2     -.658     792.2     -.594    1192.2      .971    1592.2    -1.114
    392.6      .695     792.6      .033    1192.6    -1.025    1592.6      .843
    393.0    -1.149     793.0      .022    1193.0      .639    1593.0    -1.101
    393.4      .985     793.4     -.494    1193.4     -.622    1593.4      .876
    393.8    -1.105     793.8      .563    1193.8      .283    1593.8    -1.017
    394.1     1.043     794.1     -.790    1194.1     -.222    1594.1      .885
    394.5    -1.021     794.5     1.010    1194.5     -.439    1594.5     -.695
    394.9      .869     794.9    -1.247    1194.9      .535    1594.9      .192
    395.3     -.343     795.3      .989    1195.3     -.944    1595.3      .039
    395.7      .075     795.7     -.942    1195.7      .925    1595.7     -.491
    396.1      .346     796.1      .580    1196.1    -1.094    1596.1      .583
    396.5     -.469     796.5     -.291    1196.5      .933    1596.5     -.831
    396.9      .762     796.9      .013    1196.9     -.660    1596.9      .770
    397.3     -.705     797.3      .421    1197.3      .606    1597.3     -.859
    397.7      .871     797.7     -.445    1197.7     -.105    1597.7      .690
    398.0     -.608     798.0      .961    1198.0     -.329    1598.0     -.287
    398.4      .446     798.4     -.658    1198.4      .698    1598.4     -.102
    398.8      .135     798.8      .747    1198.8     -.696    1598.8      .456
    399.2     -.172     799.2     -.216    1199.2      .669    1599.2     -.548
    399.6      .591     799.6      .143    1199.6     -.569    1599.6      .720
                               Waveform Amplitudes                              
                               *******************                              
